*******************
7200000000005502
7200000000005507
7200000000005509
7200000000005514
7200000000005516
7200000000005519
7200000000005520
7200000000005521
7200000000005522
7200000000005523
7200000000005524
7200000000005526
7200000000005553
7200000000005562
7200000000005563
7200000000005578
7200000000005581
7200000000005593
7200000000005595
7200000000005631
7200000000005633
7200000000005692
7200000000005693
7200000000005704
7200000000005714
null
7200000000005752
7200000000005753
7200000000005757
null
null
null
null
null
null
7200000000005845
null
null
null
null
null
7200000000005849
7200000000005850
null
null
null
null
null
null
null
null
null
null
null
null
null
null
null
null
7200000000005860
7200000000005866
7200000000005869
7200000000005870
7200000000005873
null
null
null
7200000000005878

null
null
7200000000005897
null
7200000000005900
7200000000005903
7200000000005905
7200000000005908
7200000000005909
7200000000005899
null
7200000000005911
7200000000005917
7200000000005923
null
7200000000005934
7200000000005940
null
7200000000005943
7200000000005949
7200000000005951
7200000000005953
7200000000005955
7200000000005957
7200000000005960
null
7200000000005982
null
7200000000005994
7200000000005995
7200000000005996
null
null
null
null
null
7200000000006008
null
null
7200000000006021
7200000000006022
null
null
null
7200000000006074
null
7200000000006082
7200000000006086
7200000000006090
7200000000006092
null
null
7200000000006145
null
7200000000006150
null
7200000000006160
7200000000006173
7200000000006188
7200000000006191
7200000000006208
7200000000006227
null
null
7200000000006255
7200000000006256
7200000000006257
null
null
7200000000006301
7200000000006302
null
7200000000006340
7200000000006342
7200000000006343
7200000000006348
7200000000006361
7200000000006398
7200000000006400
null
null
7200000000006402
null
null
7200000000006443
null
null
7200000000006445
null
null
null
null
null
null
null
null
null
null
null
null
7200000000006569
7200000000006570
7200000000006572
null
7200000000006588
7200000000006591
null
7200000000006595
null
null
null
null
null
null
7200000000006642
null
7200000000006644
7200000000006646
****************
7200000000006648
7200000000006651
7200000000006653
7200000000006655
7200000000006661
null
7200000000006663
null
null
7200000000006669
7200000000006670
7200000000006672
7200000000006666
7200000000006674
null
null
null
7200000000006682
null
7200000000006685
7200000000006686
7200000000006707
7200000000006717
7200000000006720
7200000000006736
7200000000006823
7200000000006825
7200000000006830
7200000000006849
7200000000006952
7200000000007012
7200000000007014
7200000000007142
7200000000007148
7200000000007169
7200000000007171
7200000000007173
7200000000007193
7200000000007198
7200000000007202
7200000000007219
7200000000007233
7200000000007239
7200000000007257
7200000000007260
7200000000007264
7200000000007265
7200000000007271
7200000000007272
7200000000007315
7200000000007322
7200000000007323
7200000000007329
7200000000007322
7200000000007320
7200000000007257
7200000000007334
7200000000007341
7200000000007343
7200000000007354
7200000000007362
7200000000007367
7200000000007368
7200000000007420
7200000000007429
7200000000007430
7200000000007434
7200000000007438
7200000000007991
7200000000007992
7200000000007993
7200000000007994
7200000000007995
7200000000007996
7200000000008058
7200000000008060
7200000000008064
7200000000008066
7200000000008067
7200000000008068
7200000000008167
7200000000008175
7200000000008178
7200000000008179
7200000000008180
7200000000007992
7200000000007434
7200000000008196
7200000000008199
7200000000008205
7200000000008219
7200000000008220
7200000000008221
7200000000008281
7200000000008283
7200000000007878
7200000000007882
7200000000007886
7200000000007887
7200000000007894
7200000000007895
7200000000006719
7200000000007937
7200000000007945
7200000000007948
7200000000007949
7200000000007950
7200000000007429
7200000000007431
7200000000008385
7200000000008386
7200000000008387
7200000000008388
7200000000008390
7200000000008389
7200000000008393
7200000000008392
7200000000008391
7200000000008394
7200000000008396
7200000000008398
7200000000008401
7200000000008403
7200000000008417
7200000000008423
7200000000008434
7200000000008435
7200000000008453
7200000000010287
7200000000010752
7200000000010765
7200000000010773
7200000000010781
7200000000010782
7200000000010784
7200000000010785
7200000000010787
7200000000010788
7200000000010790
7200000000010794
7200000000010811
7200000000010813
7200000000010814
7200000000010815
7200000000010816
7200000000010818
7200000000010819
7200000000010822
7200000000010756
7200000000010758
7200000000010762
7200000000010764
7200000000010767
7200000000010769
7200000000010771
7200000000010772
7200000000010773
7200000000010794
7200000000010831
7200000000010832
7200000000010833
7200000000010835
7200000000010837
7200000000010838
7200000000010861
7200000000010862
7200000000010863
7200000000010865
7200000000010866
7200000000010868
7200000000010869
7200000000010870
7200000000010871
7200000000010872
7200000000010873
7200000000010874
7200000000010876
7200000000010877
7200000000010878
7200000000010880
7200000000010929
7200000000010931
7200000000010933
7200000000010934
7200000000010937
7200000000010939
7200000000010940
7200000000010948
7200000000010953
7200000000010956
7200000000010959
7200000000010962
7200000000010963
7200000000010964
7200000000010965
7200000000012316
7200000000012316
7200000000012316
7200000000012316
7200000000012316
7200000000012316
7200000000012316
7200000000012316
7200000000012316
7200000000012316
7200000000012316
7200000000012316
7200000000012316